((("err" .
   [3 0 0])
  ("nerr" .
   [2 0 0 0])
  ("nERR" .
   [0 0 0 1])
  ("id" .
   [2 0])
  ("ideal_p_err" .
   [0 0 0 0 0 0 0 0 2 0 0])
  ("ideal_err" .
   [3 0 0 0 0 0 0 0 0])
  ("ideal_rel" .
   [3 0 0 0 0 0 0 0 0])
  ("calc_pstop" .
   [0 0 0 0 0 0 0 2 0 1])
  ("calc_peer" .
   [0 0 0 0 0 0 2 0 0])
  ("rel_max" .
   [1 0 0 0 1 0 0])
  ("1if" .
   [0 1 0])
  ("max" .
   [1 0 0])
  ("p_stop" .
   [6 0 0 1 0 0])
  ("range" .
   [5 0 0 0 0])
  ("in" .
   [5 0])
  ("for" .
   [2 0 0])
  ("len" .
   [4 0 0])
  ("zeros" .
   [1 0 0 0 0])
  ("def" .
   [2 0 0])
  ("menu-bar-mode" .
   [1 0 0 0 0 0 0 0 0 0 0 0 0])
  ("buffer-file-name" .
   [1 0 0 0 0 0 0 0 0 0 0 0 0 0 0 0])
  ("if" .
   [1 0])
  (":eval" .
   [1 0 0 0 0])
  ("global-mode-string" .
   [0 0 0 0 0 0 0 0 0 0 0 0 1 0 0 0 0 0])
  ("frame-title-format" .
   [1 0 0 0 0 0 0 0 0 0 0 0 0 0 0 0 0 0])
  ("display-time" .
   [1 0 0 0 0 0 0 0 0 0 0 0])
  ("format" .
   [2 0 0 0 0 0])
  ("window-system" .
   [1 0 0 0 0 0 0 0 0 0 0 0 0])
  ("arr" .
   [4 0 0])
  ("num_proc" .
   [0 0 0 1 0 0 0 0])
  ("my" .
   [1 0])
  ("c" .
   [1])
  ("MPI_Get_count" .
   [1 0 0 0 0 0 0 0 0 0 0 0 0])
  ("status" .
   [2 0 0 0 0 0])
  ("MPI_Recv" .
   [0 0 0 0 0 1 0 0])
  ("cnt" .
   [3 0 0])
  ("recv" .
   [3 0 0 0])
  ("MPI_COMM_WORLD" .
   [0 0 0 0 0 0 2 0 2 1 0 0 0 0])
  ("MPI_CHAR" .
   [0 0 0 0 0 0 3 0])
  ("strlen" .
   [1 0 0 0 0 0])
  ("MPI_Send" .
   [1 0 0 0 0 0 0 0])
  ("send" .
   [3 0 0 0])
  ("my_rank" .
   [6 0 0 1 0 0 0])
  ("LINES" .
   [0 0 0 0 1])
  ("readonly" .
   [0 0 0 0 0 0 1 0])
  ("plt" .
   [3 0 0])
  ("f" .
   [1])
  ("w" .
   [1])
  ("fclose" .
   [1 0 0 0 0 0])
  ("fopen" .
   [1 0 0 0 0])
  ("fplot" .
   [6 0 0 0 0])
  ("FILE" .
   [1 0 0 0])
  ("fprintf" .
   [5 0 0 0 1 0 0])
  ("srand" .
   [1 0 0 1 0])
  ("epoch" .
   [0 0 0 5 0])
  ("mean_epoch" .
   [0 0 0 2 3 0 0 0 0 0])
  ("exit" .
   [3 0 0 0])
  ("training_x" .
   [2 0 0 10 2 0 8 1 0 0])
  ("training_y" .
   [7 0 0 0 0 3 3 1 0 2])
  ("sum" .
   [12 0 0])
  ("innerp" .
   [3 0 0 0 0 0])
  ("inner_product" .
   [0 0 0 0 0 0 2 1 0 0 0 0 0])
  ("judge" .
   [2 0 0 0 0])
  ("escape" .
   [3 0 0 0 0 0])
  ("LABEL" .
   [1 0 0 0 0])
  ("loop" .
   [9 0 1 0])
  ("label" .
   [2 0 0 0 0])
  ("lf" .
   [3 0])
  ("vector2" .
   [2 0 2 0 0 0 0])
  ("vector1" .
   [2 0 0 0 0 0 1])
  ("p" .
   [1])
  ("train_y" .
   [4 0 0 2 0 0 0])
  ("RAND_MAX" .
   [0 0 2 0 0 0 0 0])
  ("rand" .
   [3 0 0 0])
  ("train_x" .
   [2 0 0 10 0 0 0])
  ("weight" .
   [0 0 21 4 0 0])
  ("sgn" .
   [6 0 0])
  ("sizeof" .
   [0 0 2 1 1 0])
  ("argv" .
   [6 0 0 0])
  ("argc" .
   [5 0 0 0])
  ("mpi" .
   [1 0 0])
  ("set-exec-path-from-shell-PATH" .
   [0 0 0 0 0 0 1 0 0 0 0 0 0 0 0 0 0 0 0 0 0 0 0 0 0 0 0 0 0])
  ("path-separator" .
   [0 0 0 0 0 0 0 0 0 1 0 0 0 0])
  ("split-string" .
   [0 0 0 0 0 0 0 1 0 0 0 0])
  ("split" .
   [0 0 0 0 1])
  ("path-from-shell" .
   [0 0 0 0 0 0 0 1 0 0 1 0 0 0 0])
  ("shell-command-to-string" .
   [0 0 0 0 0 0 0 0 0 0 0 0 0 0 0 0 1 0 0 0 0 0 0])
  ("shell-command" .
   [0 0 0 0 0 0 0 0 0 0 1 0 0])
  ("replace-regexp-in-string" .
   [0 0 0 0 0 0 0 0 0 0 0 1 0 0 0 0 0 0 0 0 0 0 0 0])
  ("let" .
   [1 0 0])
  ("interactive" .
   [1 0 0 0 0 0 0 0 0 0 0])
  ("defun" .
   [1 0 0 0 0])
  ("concat" .
   [1 0 0 0 0 0])
  ("getenv" .
   [1 0 0 0 0 0])
  ("setenv" .
   [3 0 0 0 0 0])
  ("exec-path" .
   [0 0 0 0 3 1 0 0 0])
  ("member" .
   [1 0 0 0 0 0])
  ("not" .
   [1 0 0])
  ("dir" .
   [4 0 0])
  ("file-exists-p" .
   [0 0 0 0 0 0 0 0 0 1 0 0 0])
  ("and" .
   [1 0 0])
  ("when" .
   [2 0 0 0])
  ("expand-file-name" .
   [0 0 0 0 0 0 0 0 0 1 0 1 0 0 0 0])
  ("list" .
   [2 0 0 0])
  ("dolist" .
   [1 0 0 0 0 0])
  ("private" .
   [1 0 0 0 0 0 0])
  ("yatex-mode" .
   [0 0 0 0 3 6 0 0 0 0])
  ("append" .
   [4 0 0 0 0 0])
  ("auto-mode-alist" .
   [0 0 0 0 0 0 0 0 0 1 2 0 0 0 0])
  ("setq" .
   [7 0 0 1])
  ("autoload" .
   [2 0 0 0 0 0 1 0])
  ("path" .
   [0 0 1 0])
  ("exp" .
   [1 0 0])
  ("newS" .
   [3 0 0 0])
  ("average_m" .
   [0 0 0 1 0 0 0 0 0])
  ("end" .
   [2 0 0])
  ("start" .
   [2 0 0 0 0])
  ("spin" .
   [1 0 0 0])
  ("update" .
   [0 0 0 0 1 0])
  ("u" .
   [1])
  ("d" .
   [1])
  ("print" .
   [11 0 0 0 0])
  ("sex" .
   [2 0 0])
  ("scanf" .
   [4 0 0 0 1])
  ("typedef" .
   [0 0 0 1 0 0 0])
  ("input" .
   [2 0 0 0 0])
  ("data" .
   [14 0 0 0])
  ("person" .
   [5 0 0 1 0 0])
  ("name" .
   [5 0 0 0])
  ("n" .
   [1])
  ("struct" .
   [0 0 4 1 1 0])
  ("s" .
   [1])
  ("stdout" .
   [1 0 0 0 0 0])
  ("mpf_out_str" .
   [1 0 0 0 0 0 0 1 0 0 0])
  ("omp" .
   [25 0 0])
  ("pragma" .
   [0 0 3 16 2 0])
  ("include" .
   [0 0 1 12 1 2 0])
  ("double" .
   [0 0 0 7 0 0])
  ("stdio" .
   [4 0 0 0 1])
  ("main" .
   [4 0 0 0])
  ("printf" .
   [63 0 0 12 1 0])
  ("global" .
   [4 0 0 0 0 0])
  ("return" .
   [3 0 7 0 0 0])
  ("change" .
   [0 0 0 0 1 0])
  ("step" .
   [5 0 0 0])
  ("pow" .
   [1 0 0])
  ("parallel" .
   [1 0 2 2 1 0 0 0])
  ("lambda" .
   [1 0 0 0 0 0])
  ("NULL" .
   [7 0 0 0])
  ("mpf_t" .
   [1 0 0 0 0])
  ("THREE" .
   [0 0 0 1 0])
  ("t" .
   [2])
  ("one_over_three" .
   [0 0 0 0 1 0 0 0 0 0 0 0 0 0])
  ("max_f" .
   [1 0 0 0 0])
  ("answer" .
   [0 0 10 1 0 0])
  ("answer_value" .
   [0 0 0 0 0 0 0 3 0 5 0 0])
  ("answer_count" .
   [0 0 0 0 0 0 0 0 1 2 0 0])
  ("key" .
   [2 0 0])
  ("ValueError" .
   [0 0 0 1 0 0 0 0 0 0])
  ("__setitem__" .
   [0 0 0 0 0 1 0 0 0 0 0])
  ("value" .
   [1 0 0 0 0])
  ("bomb" .
   [5 0 0 0])
  ("count" .
   [8 0 0 0 0])
  ("num_bomb" .
   [0 0 1 12 2 0 0 0])
  ("time" .
   [3 0 0 0])
  ("total_bomb" .
   [0 0 0 0 0 2 1 0 0 0])
  ("state" .
   [13 0 0 7 0])
  ("print_box" .
   [0 0 0 0 0 0 1 0 0])
  ("check" .
   [1 0 5 9 0])
  ("heap" .
   [1 0 0 0])
  ("malloc" .
   [7 0 3 0 3 1])
  ("free" .
   [10 0 0 0])
  ("finish" .
   [0 0 1 0 2 0])
  ("flag" .
   [5 0 0 0])
  ("file" .
   [3 0 0 0])
  ("buffer" .
   [2 0 0 0 0 0])
  ("MPI_INT" .
   [1 0 0 0 0 0 0])
  ("numpy" .
   [1 0 0 0 0])
  ("np" .
   [3 0])
  ("scipy" .
   [2 0 0 0 0])
  ("stats" .
   [1 0 0 0 0])
  ("matplotlib" .
   [0 0 0 0 1 0 0 0 0 0])
  ("pyplot" .
   [1 0 0 0 0 0])
  ("一連のデータをまとめて保持するクラス" .
   [1 0 0 0 0 0 0 0 0 0 0 0 0 0 0 0 0 0])
  ("変数" .
   [1 0])
  ("osc" .
   [1 0 0])
  ("osc_num" .
   [3 0 0 0 0 0 0])
  ("振動子数" .
   [1 0 0 0])
  ("ndarray" .
   [1 0 0 0 1 0 0])
  ("phase" .
   [3 0 0 0 0])
  ("filename" .
   [2 0 0 0 0 0 0 0])
  ("design_mat" .
   [1 0 0 0 0 0 0 0 0 0])
  ("ones" .
   [1 0 0 0])))
